aoml/5901371/5901371_Rtraj.nc,6.800,0.783,94.940,88.113,846,AO,20170609200227
aoml/5903451/5903451_Rtraj.nc,4.996,-6.552,125.170,111.277,846,AO,20170609201646
aoml/5903452/5903452_Rtraj.nc,5.194,1.318,124.542,119.422,846,AO,20170609201647
aoml/5904038/5904038_Rtraj.nc,7.356,4.918,115.608,112.349,846,AO,20170609201605
aoml/5904306/5904306_Dtraj.nc,6.951,1.741,130.417,121.526,853,AO,20161116143422
aoml/5904306/5904306_Rtraj.nc,6.951,1.741,130.417,121.526,853,AO,20160913174020
aoml/5904568/5904568_Rtraj.nc,-5.867,-13.318,98.260,87.527,863,AO,20180708202429
aoml/5904570/5904570_Rtraj.nc,-7.943,-11.320,102.964,97.245,863,AO,20180711201937
aoml/5904721/5904721_Rtraj.nc,4.180,2.576,92.769,88.140,863,AO,20170330202524
aoml/5904723/5904723_Rtraj.nc,-2.235,-4.941,99.872,93.710,863,AO,20180709205012
aoml/5904728/5904728_Rtraj.nc,0.033,-4.269,100.191,88.348,863,AO,20180708204252
aoml/5904757/5904757_Rtraj.nc,-10.954,-11.159,128.582,128.157,846,AO,20160913183009
aoml/5904758/5904758_Rtraj.nc,-11.559,-12.052,129.789,129.641,846,AO,20160913183010
aoml/5904759/5904759_Rtraj.nc,-12.094,-12.217,130.517,130.195,846,AO,20160913183010
aoml/5904961/5904961_Rtraj.nc,0.421,-7.421,127.915,123.497,846,AO,20180710205450
aoml/5904962/5904962_Rtraj.nc,-4.799,-5.050,108.983,108.686,846,AO,20161129211551
aoml/5904963/5904963_Rtraj.nc,6.007,1.194,123.989,118.467,846,AO,20180713210251
aoml/5904965/5904965_Rtraj.nc,-0.684,-5.423,119.012,117.319,846,AO,20180711204734
csio/2901568/2901568_Rtraj.nc,0.003,-2.312,141.675,139.397,846,HZ,20170311064812
csio/2901589/2901589_Rtraj.nc,0.890,-2.754,99.601,91.240,841,HZ,20170603051422
csio/2902574/2902574_Rtraj.nc,-7.854,-11.550,109.861,100.308,841,HZ,20180712120552
csio/2902637/2902637_Rtraj.nc,5.986,2.737,92.351,85.855,846,HZ,20161007114537
csio/2902644/2902644_Rtraj.nc,7.527,3.833,91.839,87.285,846,HZ,20161007114548
csio/2902662/2902662_Rtraj.nc,6.633,5.854,130.091,128.016,841,HZ,20161117120632
csio/2902689/2902689_Rtraj.nc,0.440,-9.891,105.575,85.395,846,HZ,20180705175720
csio/2902690/2902690_Rtraj.nc,0.984,-1.042,98.397,87.542,846,HZ,20170311064840
csiro/5903908/5903908_Rtraj.nc,-3.482,-8.247,103.881,94.241,846,CS,20180715023901
csiro/5903910/5903910_Rtraj.nc,-7.072,-9.637,101.714,93.228,846,CS,20171102114350
csiro/5903912/5903912_Rtraj.nc,-4.406,-10.001,107.167,95.977,846,CS,20180706204145
csiro/5903913/5903913_Rtraj.nc,-8.607,-13.781,108.359,100.032,846,CS,20180714103711
csiro/5903949/5903949_Rtraj.nc,-8.254,-12.855,116.260,95.291,846,CS,20180710103548
csiro/5903952/5903952_Rtraj.nc,-9.132,-13.041,112.213,86.252,846,CS,20180708203743
csiro/5905006/5905006_Rtraj.nc,-8.242,-8.250,105.599,105.520,846,CS,20171103054025
csiro/5905007/5905007_Rtraj.nc,-8.708,-10.803,106.074,94.068,846,CS,20180713234243
csiro/5905008/5905008_Rtraj.nc,-7.909,-13.081,108.853,99.153,846,CS,20180714204405
csiro/5905009/5905009_Rtraj.nc,-10.145,-13.822,110.795,91.663,846,CS,20180715085020
csiro/5905017/5905017_Rtraj.nc,-7.211,-12.712,111.750,105.851,846,CS,20180707104238
csiro/5905019/5905019_Rtraj.nc,-9.240,-12.694,112.541,98.126,846,CS,20180709174623
csiro/5905020/5905020_Rtraj.nc,-8.214,-10.851,113.750,99.562,846,CS,20180710235244
csiro/5905021/5905021_Rtraj.nc,-8.747,-12.406,115.250,109.164,846,CS,20180708174744
incois/2902081/2902081_Rtraj.nc,6.400,4.079,89.693,86.233,844,IN,20150909083437
jma/2900939/2900939_Rtraj.nc,6.534,-1.987,95.468,87.005,846,JA,20140104130341
jma/2900943/2900943_Rtraj.nc,6.580,-1.667,96.829,88.467,846,JA,20131117220013
jma/5901564/5901564_Rtraj.nc,-2.326,-9.403,105.425,91.031,846,JA,20130126130504
jma/5901565/5901565_Rtraj.nc,-3.478,-8.080,100.899,88.340,846,JA,20121028220433
jma/5901583/5901583_Rtraj.nc,-1.543,-8.593,105.583,89.287,846,JA,20120120011157
jma/5901584/5901584_Rtraj.nc,-3.867,-8.838,101.159,89.174,846,JA,20131022190411
jma/5901965/5901965_Rtraj.nc,-2.333,-5.095,99.603,93.596,846,JA,20160623100518
jma/5904993/5904993_Rtraj.nc,7.342,5.063,137.176,127.476,863,JA,20160624064406
jma/5905045/5905045_Rtraj.nc,7.198,0.980,138.665,127.956,863,JA,20171211003516
jma/5905046/5905046_Rtraj.nc,7.152,3.901,137.199,127.106,863,JA,20170904033527
nmdis/2901623/2901623_Rtraj.nc,4.222,-0.315,96.091,89.042,841,NM,20150511173320
